STARLINK-6290           
1 57328U 23099A   23217.00002315 -.00956436  00000+0 -13048-1 0  9995
2 57328  42.9998   8.4567 0001570 274.3414  57.1953 15.59348128  4174
STARLINK-6138           
1 57329U 23099B   23216.91667824 -.00898475  00000+0 -12105-1 0  9998
2 57329  42.9994   8.9423 0001495 277.5060 309.2205 15.59511016  4163
STARLINK-6212           
1 57330U 23099C   23217.00002315 -.00956240  00000+0 -13042-1 0  9995
2 57330  42.9994   8.4552 0001601 279.2766  52.9884 15.59353953  4174
STARLINK-6234           
1 57331U 23099D   23219.16668981 -.00892742  00000+0 -14206-1 0  9991
2 57331  42.9999 355.6544 0001515 269.1401 344.7537 15.55088901  4256
STARLINK-5831           
1 57332U 23099E   23216.91667824 -.00896240  00000+0 -12078-1 0  9999
2 57332  42.9991   8.9459 0001531 281.9189 303.3556 15.59497752  4169
STARLINK-5585           
1 57333U 23099F   23217.41667824 -.00909406  00000+0 -12734-1 0  9994
2 57333  42.9998   5.9812 0001297 264.9140 250.6870 15.58536540  4132
STARLINK-5589           
1 57334U 23099G   23217.41667824 -.00904731  00000+0 -12655-1 0  9993
2 57334  42.9986   5.9759 0001322 272.5477 245.2657 15.58551077  4132
STARLINK-6316           
1 57335U 23099H   23216.91667824 -.00897684  00000+0 -12091-1 0  9990
2 57335  42.9996   8.9407 0001424 277.6402 309.8126 15.59516568  4162
STARLINK-6320           
1 57336U 23099J   23216.91667824 -.00899351  00000+0 -12104-1 0  9999
2 57336  42.9994   8.9337 0001448 279.4289 310.9275 15.59541339  4164
STARLINK-6322           
1 57337U 23099K   23216.91667824 -.00897623  00000+0 -12081-1 0  9994
2 57337  42.9991   8.9350 0001617 283.0173 306.6135 15.59534589  4164
STARLINK-6374           
1 57338U 23099L   23216.91667824 -.00898839  00000+0 -12094-1 0  9999
2 57338  42.9998   8.9317 0001411 276.5589 314.5236 15.59546887  4169
STARLINK-6332           
1 57339U 23099M   23216.91667824 -.00901965  00000+0 -12147-1 0  9994
2 57339  42.9991   8.9375 0001511 283.1014 305.8018 15.59531406  4167
STARLINK-6321           
1 57340U 23099N   23216.91667824 -.00898936  00000+0 -12087-1 0  9992
2 57340  42.9996   8.9265 0001430 276.8041 316.4555 15.59564857  4161
STARLINK-6377           
1 57341U 23099P   23216.83335648 -.00861483  00000+0 -11481-1 0  9994
2 57341  42.9995   9.4244 0001466 287.7472 195.6811 15.59690837  4151
STARLINK-6375           
1 57342U 23099Q   23216.91667824 -.00900595  00000+0 -12102-1 0  9997
2 57342  42.9988   8.9215 0001582 285.5890 309.8462 15.59583964  4169
STARLINK-6379           
1 57343U 23099R   23216.91667824 -.00898408  00000+0 -12082-1 0  9994
2 57343  42.9997   8.9280 0001464 278.8797 313.6544 15.59558604  4169
STARLINK-6380           
1 57344U 23099S   23216.91667824 -.00899650  00000+0 -12086-1 0  9999
2 57344  42.9994   8.9194 0001498 280.4396 315.7218 15.59589093  4169
STARLINK-6373           
1 57345U 23099T   23216.91667824 -.00898568  00000+0 -12079-1 0  9999
2 57345  42.9995   8.9243 0001432 278.4980 315.4875 15.59570386  4161
STARLINK-6359           
1 57346U 23099U   23216.91667824 -.00899061  00000+0 -12075-1 0  9995
2 57346  42.9996   8.9177 0001441 279.1007 317.7862 15.59594552  4169
STARLINK-6378           
1 57347U 23099V   23216.91667824 -.00898702  00000+0 -12078-1 0  9990
2 57347  42.9994   8.9228 0001462 279.3729 315.3379 15.59576567  4164
STARLINK-6372           
1 57348U 23099W   23216.91667824 -.00891418  00000+0 -11955-1 0  9991
2 57348  42.9996   8.9123 0001524 273.8785 325.1828 15.59610207  4169
STARLINK-6376           
1 57349U 23099X   23216.91667824 -.00900262  00000+0 -12089-1 0  9999
2 57349  42.9986   8.9162 0001552 283.3621 314.2490 15.59601595  4162
STARLINK-6362           
1 57350U 23099Y   23219.39418889  .00054919  00000+0  41798-3 0  9999
2 57350  42.9987 353.6487 0001763 290.2275  69.8403 15.71440435  4559
STARLINK-6331           
1 57351U 23099Z   23216.83335648 -.00861952  00000+0 -11464-1 0  9997
2 57351  42.9997   9.4084 0001487 287.8467 202.0945 15.59744604  4157
STARLINK-6297           
1 57352U 23099AA  23219.39397823  .00052645  00000+0  40111-3 0  9997
2 57352  42.9988 353.6470 0001641 270.5582  89.5098 15.71429729  4553
STARLINK-6324           
1 57353U 23099AB  23216.91667824 -.00890212  00000+0 -11935-1 0  9996
2 57353  42.9997   8.9104 0001553 275.2622 324.5251 15.59614959  4164
STARLINK-6293           
1 57354U 23099AC  23219.39366185  .00016827  00000+0  13128-3 0  9996
2 57354  42.9997 353.6433 0001854 268.1639  91.9016 15.71396265  4551
STARLINK-6276           
1 57355U 23099AD  23219.39408307  .00036252  00000+0  27806-3 0  9992
2 57355  42.9988 353.6470 0001763 256.9037 103.1634 15.71408677  4552
STARLINK-6355           
1 57356U 23099AE  23219.39355876  .00049980  00000+0  38110-3 0  9997
2 57356  42.9987 353.6433 0001405 273.3623  86.7084 15.71429751  4458
STARLINK-5600           
1 57357U 23099AF  23219.39387250  .00016815  00000+0  13111-3 0  9994
2 57357  42.9992 353.6456 0002148 288.1555  71.9079 15.71409707  4441
STARLINK-6299           
1 57358U 23099AG  23218.75775201  .00074655  00000+0  56752-3 0  9995
2 57358  42.9988 357.4759 0001807 293.6514  66.4164 15.71360724  4463
STARLINK-6347           
1 57359U 23099AH  23219.39376782  .00077055  00000+0  58300-3 0  9996
2 57359  42.9989 353.6441 0001813 288.0514  72.0156 15.71461635  4553
STARLINK-6348           
1 57360U 23099AJ  23219.45669656  .00073792  00000+0  55867-3 0  9999
2 57360  42.9989 353.2563 0002262 286.8243  73.2377 15.71461113  4560
STARLINK-6340           
1 57361U 23099AK  23219.39345597  .00062162  00000+0  47222-3 0  9993
2 57361  42.9988 353.6425 0002224 257.9837 102.0782 15.71440712  4559
STARLINK-6343           
1 57362U 23099AL  23219.45649361  .00027668  00000+0  21328-3 0  9998
2 57362  42.9987 353.2538 0001476 270.1841  89.8857 15.71406185  4562
STARLINK-6356           
1 57363U 23099AM  23219.45681068  .00009788  00000+0  77865-4 0  9990
2 57363  42.9988 353.2565 0001453 295.9124  64.1594 15.71397215  4565
STARLINK-6338           
1 57364U 23099AN  23219.45638587  .00028124  00000+0  21713-3 0  9994
2 57364  42.9987 353.2529 0001044 263.9976  96.0773 15.71361536  4561
STARLINK-5007           
1 57365U 23099AP  23219.39303223  .00025969  00000+0  20045-3 0  9995
2 57365  42.9990 353.6374 0001539 266.2033  93.8659 15.71403992  4344
STARLINK-6174           
1 57366U 23099AQ  23218.75701007  .00059096  00000+0  45102-3 0  9996
2 57366  42.9986 357.4697 0001625 263.7491  96.3191 15.71349090  4400
STARLINK-6215           
1 57367U 23099AR  23219.44003810  .00066833  00000+0  50765-3 0  9999
2 57367  42.9992 353.1213 0002185 279.1845  80.8776 15.71418229  4566
STARLINK-6218           
1 57368U 23099AS  23218.75680012  .00055083  00000+0  42062-3 0  9994
2 57368  42.9988 357.4678 0001463 269.2574  90.8126 15.71360996  4456
STARLINK-6168           
1 57369U 23099AT  23219.07490982  .00027994  00000+0  21612-3 0  9994
2 57369  42.9992 355.5529 0001687 275.6230  84.4445 15.71364643  4450
STARLINK-5353           
1 57370U 23099AU  23219.45575473 -.00009662  00000+0 -70267-4 0  9992
2 57370  42.9990 353.2473 0001303 246.4617 113.6114 15.71373601  4455
STARLINK-6032           
1 57371U 23099AV  23219.45606501  .00032066  00000+0  24669-3 0  9996
2 57371  42.9990 353.2498 0001931 269.3260  90.7386 15.71387946  4518
STARLINK-5975           
1 57372U 23099AW  23219.45554479  .00008175  00000+0  65669-4 0  9993
2 57372  42.9989 353.2466 0001687 244.0036 116.0658 15.71375806  4359
STARLINK-6370           
1 57373U 23099AX  23218.75669767  .00070606  00000+0  53736-3 0  9992
2 57373  42.9987 357.4669 0001577 278.3788  81.6901 15.71353208  4452
STARLINK-6369           
1 57374U 23099AY  23219.39156056  .00044114  00000+0  33700-3 0  9990
2 57374  42.9986 353.6270 0001417 273.7514  86.3191 15.71430868  4559
STARLINK-6363           
1 57375U 23099AZ  23219.45565091  .00006206  00000+0  50670-4 0  9997
2 57375  42.9989 353.2473 0001185 252.3090 107.7649 15.71385880  4568
STARLINK-6367           
1 57376U 23099BA  23219.39166935  .00069697  00000+0  52826-3 0  9992
2 57376  42.9986 353.6286 0001714 291.0343  69.0341 15.71455457  4557
STARLINK-6358           
1 57377U 23099BB  23219.39187425  .00033688  00000+0  25859-3 0  9997
2 57377  42.9994 353.6285 0001957 256.9241 103.1408 15.71420222  4558
STARLINK-6364           
1 57378U 23099BC  23219.45491421  .00009945  00000+0  79116-4 0  9994
2 57378  42.9986 353.2416 0001560 268.2692  91.7997 15.71379336  4563
STARLINK-6361           
1 57379U 23099BD  23218.81973039  .00065512  00000+0  49875-3 0  9994
2 57379  42.9991 357.0790 0001620 270.1906  89.8777 15.71371859  4469
STARLINK-6366           
1 57380U 23099BE  23219.45480226  .00057860  00000+0  43985-3 0  9991
2 57380  42.9985 353.2415 0001692 265.6697  94.3977 15.71449889  4564
STARLINK-6371           
1 57381U 23099BF  23219.45502305  .00002846  00000+0  25132-4 0  9994
2 57381  42.9986 353.2407 0001378 254.6371 105.4345 15.71365186  4576
FALCON 9 DEB            
1 57382U 23099BG  23219.38547218  .00410197  75976-4  93252-3 0  9997
2 57382  43.0170 350.9067 0014892 130.9055 229.3115 15.96473029  3854
FALCON 9 DEB            
1 57383U 23099BH  23219.43857332  .00403304  74616-4  86670-3 0  9993
2 57383  43.0131 350.4313 0011810 131.2275 228.9622 15.97566739  3867
FALCON 9 DEB            
1 57384U 23099BJ  23219.42299576  .00405317  76229-4  82366-3 0  9999
2 57384  43.0115 350.2927 0011897 110.6197 249.5958 15.98557816  3866
FALCON 9 DEB            
1 57385U 23099BK  23219.42355434  .00384601  68816-4  80544-3 0  9997
2 57385  43.0078 350.2930 0011011 113.4696 246.7340 15.98049207  3866
STARLING 4              
1 57386U 23100A   23227.08258078  .00005954  00000+0  51211-3 0  9994
2 57386  99.4586 358.3310 0014219 196.8656 163.2090 14.97833521  4191
STARLING 2              
1 57387U 23100B   23227.08595103  .00005903  00000+0  50979-3 0  9992
2 57387  99.4592 358.3292 0014823 200.1121 159.9513 14.97677202  4199
STARLING 1              
1 57388U 23100C   23227.08149837  .00002000  00000+0  17660-3 0  9997
2 57388  99.4650 358.3549 0004803 324.1899  35.8995 14.97944906  4190
STARLING 3              
1 57389U 23100D   23227.08515617  .00006114  00000+0  52720-3 0  9997
2 57389  99.4578 358.3240 0014252 198.9529 161.1159 14.97723564  4194
LEMUR-2-MANO            
1 57390U 23100E   23226.00635977  .00007750  00000+0  65599-3 0  9997
2 57390  99.4636 357.0685 0013903 193.7146 166.3695 14.98326146  4031
LEMUR-2-DEVERILL-M-T    
1 57391U 23100F   23226.33179053  .00007820  00000+0  65359-3 0  9994
2 57391  99.4698 357.5020 0014867 184.4647 175.6440 14.98805003  4081
LEO VANTAGE 3 (LEO 3)   
1 57392U 23100G   23225.12578246 -.00000012  00000+0  37103-4 0  9992
2 57392  99.4440 349.9135 0017177 173.7362 186.4001 13.67888771  3553
ELECTRON KICK STAGE R/B 
1 57393U 23100H   23226.34298598  .00010248  00000+0  11002-2 0  9996
2 57393  99.3459 354.5503 0385382 117.5878 246.5005 14.46962107  3947
TIANMU-1 07             
1 57399U 23101A   23227.14806805  .00004090  00000+0  22477-3 0  9995
2 57399  97.4091 287.9558 0010829 175.9839 184.1482 15.14597082  3947
TIANMU-1 08             
1 57400U 23101B   23227.09343410  .00004045  00000+0  22728-3 0  9999
2 57400  97.4082 287.8730 0010631 166.6849 193.4666 15.13810569  3922
TIANMU-1 09             
1 57401U 23101C   23227.08959473  .00004054  00000+0  22550-3 0  9994
2 57401  97.4036 287.8624 0011545 165.9047 194.2510 15.14166502  3920
TIANMU-1 10             
1 57402U 23101D   23227.10192540  .00004475  00000+0  25522-3 0  9991
2 57402  97.4117 287.8739 0011095 165.8065 194.3481 15.13212479  3929
STARLINK-30240          
1 57404U 23102A   23218.81549481 -.00733942  00000+0 -10365-1 0  9999
2 57404  42.9996 352.6491 0002252 185.6660 174.4178 15.58174838  3908
STARLINK-30192          
1 57405U 23102B   23218.81540484 -.00716747  00000+0 -10093-1 0  9996
2 57405  43.0002 352.6479 0001751 334.0985  25.9790 15.58197812  3905
STARLINK-30195          
1 57406U 23102C   23218.68713312 -.00520310  00000+0 -70220-2 0  9992
2 57406  42.9996 353.4088 0000796 351.0946   8.9903 15.58673057  3889
STARLINK-30207          
1 57407U 23102D   23216.86194195  .00314236  00000+0  14855-2 0  9991
2 57407  42.9970   3.7728 0003538 295.2044  64.8461 15.81363383  3607
STARLINK-30205          
1 57408U 23102E   23218.49460730 -.00808726  00000+0 -10876-1 0  9996
2 57408  43.0002 354.5426 0001125 239.2060 120.8692 15.59310674  3850
STARLINK-30222          
1 57409U 23102F   23218.49451952 -.00804847  00000+0 -10813-1 0  9994
2 57409  43.0002 354.5406 0001187 260.9558  99.1171 15.59325551  3850
STARLINK-30172          
1 57410U 23102G   23218.81495802 -.00803324  00000+0 -11141-1 0  9998
2 57410  42.9999 352.6444 0000589 185.6468 174.4388 15.58494055  3902
STARLINK-30214          
1 57411U 23102H   23219.07874340 -.00291718  00000+0 -46422-2 0  9995
2 57411  42.9993 351.1849 0001766  78.9014 281.2045 15.53473608  3935
STARLINK-30182          
1 57412U 23102J   23218.81470224 -.00303840  00000+0 -39430-2 0  9991
2 57412  42.9996 352.6440 0001183 217.4038 142.6743 15.58985044  3900
STARLINK-30191          
1 57413U 23102K   23218.43018139 -.00793459  00000+0 -10546-1 0  9998
2 57413  43.0005 354.9184 0000663  66.4506 293.6427 15.59577396  3845
STARLINK-30193          
1 57414U 23102L   23218.68645708 -.00801782  00000+0 -11052-1 0  9996
2 57414  42.9999 353.3997 0001342  34.2512 325.8438 15.58644674  3883
STARLINK-30208          
1 57415U 23102M   23217.50001157 -.01642513  00000+0 -20614-1 0  9991
2 57415  43.0004   0.4389 0001168 236.7786 292.3455 15.62151071  3488
STARLINK-30224          
1 57416U 23102N   23218.81452184 -.00322624  00000+0 -43681-2 0  9994
2 57416  42.9999 352.6418 0002115 228.6315 131.4366 15.57926875  3903
STARLINK-30043          
1 57417U 23102P   23218.81432385 -.00799918  00000+0 -11193-1 0  9992
2 57417  43.0001 352.6399 0001290 239.1397 120.9339 15.58245860  3900
STARLINK-30221          
1 57418U 23102Q   23218.81440595 -.00811569  00000+0 -11226-1 0  9999
2 57418  42.9997 352.6388 0003207 187.6229 172.4586 15.58564937  3907
MAYA-5                  
1 57419U 98067VW  23226.88046122  .00066354  00000+0  10135-2 0  9997
2 57419  51.6391  37.3139 0005883 290.3521  69.6837 15.53778017  4147
MAYA-6                  
1 57420U 98067VX  23226.75167239  .00059874  00000+0  91755-3 0  9995
2 57420  51.6392  37.9539 0005927 290.0533  69.9819 15.53730239  4124
2023-103A               
1 57421U 23103A   23227.08135256  .00024982  00000+0  99224-3 0  9997
2 57421  96.6254 312.5867 0013446 200.0495 160.0218 15.25221147  3633
2023-103B               
1 57422U 23103B   23227.08414038  .00004053  00000+0  16395-3 0  9991
2 57422  96.6255 312.5842 0013463 203.8007 156.2612 15.25103883  3649
CERES-1 R/B             
1 57423U 23103C   23226.41760905  .00012379  00000+0  31035-3 0  9993
2 57423  96.6268 312.4291 0058378 306.1039  53.4811 15.38371392  3574
2023-104A               
1 57424U 23104A   23227.14128757  .00008760  00000+0  36090-3 0  9994
2 57424  97.3994 293.3338 0014421 190.4656 169.6284 15.24238784  3507
2023-104B               
1 57425U 23104B   23227.13840835  .00008934  00000+0  36544-3 0  9999
2 57425  97.4004 293.3413 0014924 196.7858 163.2888 15.24469438  3508
2023-104C               
1 57426U 23104C   23227.13734669  .00015664  00000+0  63352-3 0  9992
2 57426  97.4008 293.3434 0014984 196.1267 163.9495 15.24702805  3510
2023-104D               
1 57427U 23104D   23227.13923171  .00017667  00000+0  71582-3 0  9990
2 57427  97.4002 293.3395 0014747 194.0645 166.0184 15.24618137  3507
2023-104E               
1 57428U 23104E   23227.13918912  .00034022  00000+0  13581-2 0  9996
2 57428  97.3986 293.3354 0014476 191.5791 168.5116 15.24984555  3519
2023-104F               
1 57429U 23104F   23227.08469210  .00013067  00000+0  54383-3 0  9995
2 57429  97.4007 293.2611 0013823 182.0965 178.0217 15.23794947  3491
STARLINK-30189          
1 57430U 23105A   23217.91668981 -.01403744  00000+0 -12661-1 0  9994
2 57430  42.9998  12.3027 0001692 285.6676 297.6399 15.70262143  3026
STARLINK-30170          
1 57431U 23105B   23217.75001157 -.01633417  00000+0 -14237-1 0  9996
2 57431  43.0001  13.3056 0001541 285.9813  73.9664 15.71037189  3049
STARLINK-30188          
1 57432U 23105C   23217.83334491 -.01616692  00000+0 -14251-1 0  9998
2 57432  43.0007  12.8022 0001323 267.5549 204.5890 15.70743171  3028
STARLINK-30105          
1 57433U 23105D   23217.66667824 -.01616440  00000+0 -13872-1 0  9998
2 57433  43.0002  13.8052 0001561 255.9710 353.3320 15.71370108  3098
STARLINK-30102          
1 57434U 23105E   23217.83334491 -.01623663  00000+0 -14301-1 0  9992
2 57434  43.0002  12.8016 0001413 273.1356 199.6460 15.70773991  3016
STARLINK-30180          
1 57435U 23105F   23217.66667824 -.01626599  00000+0 -13983-1 0  9999
2 57435  43.0003  13.8079 0001326 259.3444 349.3496 15.71351258  3095
STARLINK-30183          
1 57436U 23105G   23217.75001157 -.01636030  00000+0 -14224-1 0  9991
2 57436  43.0004  13.3016 0001830 272.3253  89.2978 15.71097892  3047
STARLINK-30237          
1 57437U 23105H   23217.75001157 -.01577771  00000+0 -13711-1 0  9998
2 57437  43.0003  13.3012 0002218 293.8149  68.5736 15.70997785  3047
STARLINK-30158          
1 57438U 23105J   23217.75001157 -.01633351  00000+0 -14193-1 0  9991
2 57438  43.0005  13.3020 0001462 276.9232  84.9908 15.71109693  3041
STARLINK-30173          
1 57439U 23105K   23217.75001157 -.01388057  00000+0 -12153-1 0  9996
2 57439  42.9999  13.2998 0002570 294.4200  68.3573 15.70918865  3048
STARLINK-30159          
1 57440U 23105L   23219.16668981 -.01631470  00000+0 -17482-1 0  9999
2 57440  43.0008   4.7857 0001003 277.4489 175.1816 15.66076573  3124
STARLINK-30160          
1 57441U 23105M   23219.16668981 -.01635222  00000+0 -17518-1 0  9999
2 57441  43.0009   4.7851 0001003 273.2978 179.7308 15.66089874  3075
STARLINK-30146          
1 57442U 23105N   23217.58334491 -.01580947  00000+0 -13387-1 0  9993
2 57442  43.0007  14.3024 0001626 276.3255 223.4176 15.71618141  3088
STARLINK-30197          
1 57443U 23105P   23217.58334491 -.01664424  00000+0 -14082-1 0  9990
2 57443  43.0009  14.3013 0001387 267.5198 232.4068 15.71792844  3084
STARLINK-30181          
1 57444U 23105Q   23217.58334491 -.02033561  00000+0 -17172-1 0  9997
2 57444  43.0007  14.2987 0001153 268.7367 232.3878 15.71958852  3085
STARLINK-30215          
1 57445U 23105R   23219.16668981 -.01638113  00000+0 -17525-1 0  9993
2 57445  43.0009   4.7821 0001186 264.9587 189.2450 15.66127294  3074
STARLINK-30162          
1 57446U 23105S   23217.66667824 -.01436480  00000+0 -12391-1 0  9991
2 57446  43.0004  13.7965 0001781 270.6608 342.6597 15.71383155  3037
STARLINK-30178          
1 57447U 23105T   23217.66667824 -.01639138  00000+0 -14009-1 0  9995
2 57447  43.0004  13.7972 0001999 258.3143 354.2881 15.71503337  3035
STARLINK-30196          
1 57448U 23105U   23219.16668981 -.01632800  00000+0 -17430-1 0  9998
2 57448  43.0008   4.7781 0000890 223.0689 232.6819 15.66173416  3070
STARLINK-30225          
1 57449U 23105V   23217.58334491 -.01661386  00000+0 -14005-1 0  9995
2 57449  43.0004  14.2959 0001005 286.7154 215.4019 15.71876519  3084
STARLINK-30217          
1 57450U 23105W   23217.66667824 -.01635198  00000+0 -13949-1 0  9993
2 57450  43.0000  13.7952 0001308 270.2346 343.6715 15.71547744  3033
STARLINK-30216          
1 57451U 23105X   23219.16668981 -.01634030  00000+0 -17418-1 0  9995
2 57451  43.0006   4.7757 0001092 264.6963 192.2235 15.66209233  3122
YAOGAN-36 05A           
1 57452U 23106A   23226.95734538  .00011804  00000+0  49793-3 0  9992
2 57452  34.9970 100.0834 0005457  71.4806 288.6502 15.22498624  2927
CZ-2D DEB               
1 57453U 23106B   23226.09539997  .00025552  00000+0  10176-2 0  9997
2 57453  34.9972 105.3609 0005726  66.0035 294.1279 15.24310216  2768
YAOGAN-36 05B           
1 57454U 23106C   23227.10981701 -.00014233  00000+0 -60643-3 0  9996
2 57454  35.0001  99.0872 0004144  32.5733  99.2437 15.22091293  2906
CZ-2D R/B               
1 57455U 23106D   23226.09084517  .00029590  00000+0  11612-2 0  9994
2 57455  34.9968 105.3223 0005744  78.5719 281.5641 15.24776088  2759
YAOGAN-36 05C           
1 57456U 23106E   23227.08254766  .00016026  00000+0  66934-3 0  9998
2 57456  34.9959  99.2089 0002866  78.2585 281.8451 15.22796671  2908
STARLINK-30165          
1 57457U 23107A   23219.50001157 -.01598269  00000+0 -18409-1 0  9991
2 57457  43.0008  80.3100 0000586 251.2246 294.6345 15.64226275  2520
STARLINK-30140          
1 57458U 23107B   23219.50001157 -.01600022  00000+0 -18416-1 0  9991
2 57458  43.0006  80.3079 0001221 247.4510 298.7845 15.64241619  2857
STARLINK-30185          
1 57459U 23107C   23219.50001157 -.01602396  00000+0 -18435-1 0  9999
2 57459  43.0006  80.3076 0001228 219.7313 326.8802 15.64257579  2842
STARLINK-30077          
1 57460U 23107D   23219.50001157 -.01601265  00000+0 -18413-1 0  9991
2 57460  43.0008  80.3070 0000868 234.4015 312.5929 15.64270993  2850
STARLINK-30229          
1 57461U 23107E   23219.50001157 -.01607201  00000+0 -18470-1 0  9991
2 57461  43.0008  80.3062 0001679 262.6670 284.6813 15.64289965  2842
STARLINK-30088          
1 57462U 23107F   23219.16668981 -.01593363  00000+0 -17518-1 0  9993
2 57462  43.0015  82.2969 0001544 281.3379 186.5227 15.65362964  2798
STARLINK-30091          
1 57463U 23107G   23219.50001157 -.01599647  00000+0 -18347-1 0  9990
2 57463  43.0005  80.3035 0001083 213.5560 334.9038 15.64329995  2850
STARLINK-30115          
1 57464U 23107H   23219.50001157 -.01603094  00000+0 -18375-1 0  9994
2 57464  43.0015  80.3017 0001582 251.2969 297.5118 15.64347539  2844
STARLINK-30116          
1 57465U 23107J   23219.50001157 -.01598928  00000+0 -18351-1 0  9998
2 57465  43.0008  80.3038 0000858 215.3481 332.7543 15.64314089  2742
STARLINK-30156          
1 57466U 23107K   23219.50001157 -.01421176  00000+0 -16156-1 0  9990
2 57466  43.0020  80.3014 0001580 228.2606 321.0536 15.64194269  2846
STARLINK-30092          
1 57467U 23107L   23219.50001157 -.01600493  00000+0 -18327-1 0  9994
2 57467  43.0006  80.3007 0000817 250.1137 299.4546 15.64374618  2845
STARLINK-30039          
1 57468U 23107M   23219.50001157 -.01596405  00000+0 -18260-1 0  9998
2 57468  43.0008  80.2992 0001749 243.8733 306.0785 15.64384649  2740
STARLINK-30171          
1 57469U 23107N   23219.50001157 -.01600513  00000+0 -18305-1 0  9995
2 57469  43.0009  80.2984 0000978 247.2127 303.1044 15.64403391  2855
STARLINK-30186          
1 57470U 23107P   23219.50001157 -.01604082  00000+0 -18333-1 0  9993
2 57470  43.0009  80.2982 0001684 242.4609 308.2141 15.64420819  2647
STARLINK-30190          
1 57471U 23107Q   23219.50001157 -.01599190  00000+0 -18255-1 0  9990
2 57471  43.0008  80.2964 0000966 237.2006 314.1947 15.64448391  2849
STARLINK-30204          
1 57472U 23107R   23219.50001157 -.01599325  00000+0 -18270-1 0  9998
2 57472  43.0009  80.2979 0000670 246.1211 304.9184 15.64433083  2534
STARLINK-30187          
1 57473U 23107S   23219.16668981 -.01675886  00000+0 -18295-1 0  9999
2 57473  43.0038  82.2889 0001386 271.0188 200.4557 15.65703573  2803
STARLINK-30110          
1 57474U 23107T   23219.50001157 -.01592618  00000+0 -18156-1 0  9991
2 57474  43.0011  80.2948 0000483 241.9033 310.2382 15.64472562  2751
STARLINK-30155          
1 57475U 23107U   23219.50001157 -.01601312  00000+0 -18250-1 0  9999
2 57475  43.0011  80.2944 0000967 244.4685 308.0550 15.64492485  2754
STARLINK-30161          
1 57476U 23107V   23219.50001157 -.01590219  00000+0 -18102-1 0  9999
2 57476  43.0009  80.2926 0000974 237.4430 315.4377 15.64499881  2857
STARLINK-30176          
1 57477U 23107W   23219.50001157 -.01593109  00000+0 -18124-1 0  9995
2 57477  43.0011  80.2919 0001308 244.6936 308.5409 15.64517353  2647
STARLINK-30167          
1 57478U 23107X   23219.16668981  .00302902  00000+0  12252-2 0  9995
2 57478  43.0077  81.8068 0005005 247.6561  58.0712 15.84694772  2701
JUPITER 3 (ECHOSTAR 24) 
1 57479U 23108A   23225.93714186 -.00000181  00000+0  00000+0 0  9998
2 57479   0.9898 206.7026 0780648 181.2196 336.0053  1.13206435   210
2023-108B               
1 57480U 23108B   23225.03345426 -.00000132  00000+0  00000+0 0  9994
2 57480  10.3909 206.7532 4906501 182.5142 173.4870  1.84352484   280
DS-SAR                  
1 57481U 23109A   23227.05492467  .00012836  00000+0  67761-3 0  9992
2 57481   4.9999 157.5794 0008654 249.3688 110.5492 15.11739894  2426
2023-109B               
1 57482U 23109B   23227.11434301  .00007881  00000+0  39047-3 0  9993
2 57482   5.0038 157.0225 0012826 252.8191 107.0513 15.12217632  2439
2023-109C               
1 57483U 23109C   23226.38481110  .00006375  00000+0  30255-3 0  9991
2 57483   5.0010 162.4523 0014757 239.0309 120.8348 15.12589403  2329
2023-109D               
1 57484U 23109D   23226.40162992  .00006596  00000+0  33168-3 0  9990
2 57484   5.0051 162.6264 0007723 228.2818 131.6629 15.10945973  2327
2023-109E               
1 57485U 23109E   23227.15388889  .00008525  00000+0  43062-3 0  9997
2 57485   4.9950 156.8789 0010691 253.7381 303.9807 15.11919681  2439
GALASSIA-2              
1 57486U 23109F   23227.23991898  .00009892  00000+0  52452-3 0  9998
2 57486   5.0057 156.5628 0006039 241.2954   1.8882 15.10851594  2443
NULION                  
1 57487U 23109G   23226.66851910  .00013198  00000+0  71787-3 0  9991
2 57487   5.0080 160.6727 0005996 241.3777 118.5728 15.10789076  2317
CYGNUS NG-19            
1 57488U 23110A   23215.65015666  .00160216  19653-4  39052-3 0  9993
2 57488  51.6349  93.4730 0125016 163.5853 278.4345 15.83562888   258
FENGYUN 3F              
1 57490U 23111A   23227.10460400  .00000079  00000+0  58206-4 0  9994
2 57490  98.8111 293.4664 0000482 139.4577 220.6634 14.19696169  1702
CZ-4C R/B               
1 57491U 23111B   23227.10117645  .00000399  00000+0  93103-4 0  9995
2 57491  98.8061 294.1323 0141442  10.3587 350.0469 14.55058003  1733
GALAXY 37 (G-37)        
1 57493U 23112A   23226.53499626 -.00000216  00000+0  00000+0 0  9994
2 57493   1.1256 222.3157 1927389 178.7605 354.4858  0.72564127   124
COSMOS 2569 [GLONASS-K2]
1 57517U 23114A   23226.88680089  .00000000  00000+0  00000+0 0  9996
2 57517  64.7923 107.7374 0004317  67.4154  82.9035  2.12687437   152
FREGAT R/B              
1 57518U 23114B   23223.84971004 -.00000037  00000+0  00000+0 0  9991
2 57518  64.7952 107.8480 0027899 196.1543 163.8202  2.13950773    80
2023-116A               
1 57519U 23116A   23227.25958344  .00009876  00000+0  41349-3 0  9999
2 57519  97.3951 233.4294 0011430 233.3372 257.3939 15.23693691   960
2023-116B               
1 57520U 23116B   23227.28176478  .00108180  00000+0  37676-2 0  9999
2 57520  97.3817 233.4866 0020271 293.8774  65.9920 15.29034036   970
2023-116C               
1 57536U 23116C   23221.86584671 -.00000081  00000+0  00000+0 0  9992
2 57536  97.1239 227.7433 0044526  39.6976  84.4585 15.35943534   149
CZ-2D DEB               
1 57571U 23116D   23221.55018442 -.00000070  00000+0  00000+0 0  9993
2 57571  97.1929 227.8164 0109287 221.1309 262.4843 15.08662629    36
CZ-2D DEB               
1 57572U 23116E   23221.54901532 -.00000079  00000+0  00000+0 0  9993
2 57572  97.6125 227.7860 0109142 225.4211 257.0553 15.11104688    17
2023-117A               
1 57580U 23117A   23226.86877787 -.00000064  00000+0  00000+0 0  9991
2 57580  97.5247 298.6802 0011086 273.9707 197.4494 15.11041446   710
2023-117B               
1 57581U 23117B   23226.86478782 -.00000064  00000+0  00000+0 0  9994
2 57581  97.5228 298.6772 0010732 276.6659 173.1471 15.11045460   704
2023-117C               
1 57582U 23117C   23226.86877771 -.00000064  00000+0  00000+0 0  9996
2 57582  97.5250 298.6804 0010049 279.5216 191.9727 15.11028294   706
2023-117D               
1 57583U 23117D   23226.86871347 -.00000064  00000+0  00000+0 0  9990
2 57583  97.5240 298.6785 0011223 273.5045 197.9290 15.11063333   695
2023-117E               
1 57584U 23117E   23226.86868007 -.00000064  00000+0  00000+0 0  9990
2 57584  97.5260 298.6825 0010724 275.6000 195.9160 15.11079455   698
2023-117F               
1 57585U 23117F   23226.86850774 -.00000064  00000+0  00000+0 0  9993
2 57585  97.5243 298.6802 0010895 277.4406 194.0498 15.11119005   694
2023-117G               
1 57586U 23117G   23226.86666723 -.00000065  00000+0  00000+0 0  9994
2 57586  97.5243 298.6831 0013157 286.8700 184.6892 15.11733483   697
FREGAT R/B              
1 57601U 23118B   23222.96594907 -.00003587  11340-4  00000+0 0  9990
2 57601  51.7305 342.6953 0010000  91.5786   0.0000 16.00180150    03
LUDI TANCE-4 01A        
1 57624U 23120A   23224.98322333  .00000733 -87447-6  00000+0 0  9997
2 57624  28.5026 219.5594 7311073 180.1134 197.7028  2.28120600    10
CZ-3B R/B               
1 57625U 23120B   23226.62463696  .00048148 -76097-6  48139-3 0  9999
2 57625  28.5647 218.7890 7238824 180.5588 177.6830  2.38815428    51
2023-121A               
1 57626U 23121A   23226.64306242 -.00000157  00000+0  00000+0 0  9999
2 57626  45.0041 358.8688 0007870 249.3778 241.6553 14.57771401    69
2023-121B               
1 57627U 23121B   23226.64086162 -.00000157  00000+0  00000+0 0  9996
2 57627  45.0050 358.8822 0007304 246.8768 232.7167 14.57845536    66
2023-121C               
1 57628U 23121C   23226.64307880 -.00000157  00000+0  00000+0 0  9990
2 57628  45.0009 358.8702 0007010 253.3368 238.2175 14.58051759    68
2023-121D               
1 57629U 23121D   23226.64076912 -.00000157  00000+0  00000+0 0  9990
2 57629  45.0059 358.8807 0007613 263.3031 216.2535 14.58162928    64
2023-121E               
1 57630U 23121E   23226.64073443 -.00000158  00000+0  00000+0 0  9999
2 57630  45.0039 358.8767 0006811 266.7917 212.7630 14.58283555    65
2023-121F               
1 57631U 23121F   23226.87326399  .34284187  11478-4  51789-3 0  9998
2 57631  44.9994 357.1834 0323560  54.6371  84.4014 15.82173347    89
